8 
0.6500551875527111 -0.3423497585708040 
-0.0792027231984894 -0.1132265227853187 
-0.1411484191818607 -0.0356455798021044
 -0.1726628130157008 0.1593885042749803
-0.2944621675546358 -0.2656165169865822
-0.3970194286699544 0.0474936191878527
-0.1703476494348981 -0.0385365674358769
-0.0757452372973553 0.1064896743103828
-0.2338591497934576 -0.1113335041749329
0.5429103754372671 0.0636610820063335
-0.0551487325712068 -0.0558849546492228
-0.0453834155233797 -0.1348990924257308
-0.0212228210849202 0.0955512389712309
-0.1493536050766628 -0.0384295600112759
-0.5055907837732826 -0.1815565481012489
-0.5333185332290610 -0.0362098449021006
-0.1884906966739900 -0.1242177141901854
-0.1468132682201220 -0.2133707042286250
0.6017665844984745 -0.1213576882951519
-0.5436161929427653 -0.1291008576535533
-0.1374489088372334 0.0600487676784778
-0.1848054960112147 -0.1078880980608272
0.0026181674999942 0.1374459709273933
0.0116126847711069 -0.3249609852339905
-0.2882013580494049 0.1222810274215165
-0.2745435023899358 0.1175249421385877
-0.0531666560185446 -0.2852688833696389
0.2171409416060574 -0.4183181639844652
-0.5066877849040526 -0.4491829170904584
-0.0319577327776151 -0.0009908924819582
-0.0222649241351391 0.0879250951460145
-0.1129367900136479 0.1611037745650938
0.0800533003286593 -0.1292726279427137
-0.4806562478936267 0.1042011333360361
-0.3720568743394920 0.0263697429228491
-0.2357891311840262 -0.3746128418407387
0.4088548050933292 0.0434233519048609
0.1480384918823173 0.1193468255787280
-0.2749905510730887 0.1932274605390520
-0.1831734058648707 -0.2195967324595747
-0.1002104727734346 0.0210885754306145
-0.1427947363076061 -0.4282630398348987
-0.2636430758052730 0.1746957525323303
-0.1363189924652840 0.2766667122874301
-0.3588123799771187 -0.0596111194955221
0.5210100206383120 -0.2425842200896567
-0.0680346985874388 -0.2147975517213702
-0.1791573404139732 -0.2123618003866883
-0.2579392879312089 -0.1785062512313817
-0.0824713258462865 -0.2606036217107912
-0.2868705922669398 0.1511659542546049
-0.1105516382878301 -0.2007818036612679
0.1489614268780476 0.0483654345476504
-0.3992615626682207 -0.1106667168586389
0.5480160987990763 -0.3288451699222774
-0.1873782138050809 0.1716076047275567
-0.3121926112928524 0.1212435339281469
0.0733402199830041 0.0072392155840464
-0.4026362541828640 0.0719477005228792
0.0100729698639396 0.2156489542395119
-0.0047942278830797 -0.1620624375160706
-0.4436816842169647 -0.1858855763660600
-0.1983577640009192 0.2055651614259718
0.4192611822326938 -0.3917005796549808
